sweeps {
    maxdim  mindim  cutoff  niter  noise
    8       1       1e-13   4      1e-07
    12      1       1e-13   4      1e-08
    16      1       1e-13   4      1e-09
    24      1       1e-13   4      1e-10
    32      1       1e-13   4      0
    48      1       1e-13   4      0
    64      1       1e-13   4      0
    96      1       1e-13   4      0
    128     1       1e-13   4      0
    192     1       1e-13   4      0
    256     1       1e-13   4      0
    384     1       1e-13   4      0
    512     1       1e-13   4      0
    768     1       1e-13   4      0
    1024    1       1e-13   4      0
}
